BoardManager-42/56
Player-P/0/100/1/4/14
DustBunny-D/3/1/1/4/5
Spider-S/5/3/2/5/5
Mangicalla-M/1000/1/0/0
22222222222222222222222222222222222222222222222222222222
21141112000021520022222222222222200000000000000000000002
21111112000025120021655111111111200000000000000000000002
21131112000021120021551111111111200000000000000000000002
21111112000021120021111111551111222000000000000000000002
22212222000022122021111111551111112000000000000000000002
20212000000002112022222222222222212000000000000000000002
20212000000002212000000000000000212222222222220000000002
20212000000022212222222222222222212111111111120000000002
20212000000021111111111151111111112116111111520000000002
20212000000021515111111111111222222111151111120000000002
20212000000021111111151111111200002151111151120000000002
20212000000021111111115111111200002111111111120000000002
20212222222221111111151111111200002111151115120000000002
20211111111151111151111111111222222111111511120000000002
20222222222221111115111111111111111151111111120000000002
20000000000021111111111111111115111111111151120000000002
20000000000021511111111111111222222111115111120000000002
20000000222225111111111611111200002115111511120000000002
20000000211111111151111111111200002111511111520000000002
20000000212221111111111111111200002115115111120000000002
20000022212222222212222211222200002111511151120000000002
20000021511120000212000211200000002151116111120000000002
20000021511120222212222211222222222115111111120000000002
20000021115620211111121511511111122222222112220000000002
20000022222220211555121155111111120000002112000000000002
20000000000000215111521111111111120000002112000000000002
20000000000000211111121111115511120000002112000000000002
20000000000000211111121111115511120000002112000000000002
20000000000000211111521111111111120000002112000000000002
20000000000000222222222222222211222222222112222222222202
20000000000000000000000000000211202111155111111111111202
20000000000000000000000000000251202111111111515111111202
20000000000000000000000000000215222151155551151111111202
20000000000000000000000000000211111111115555555111111202
20000000000000000000000000000211111111151511511511111202
20000000000000000000000000000222222111511111111151111202
20000000000000000000000000000000002111511155511151111202
20000000000000000000000000000000002111161511151111111202
20000000000000000000000000000000002111115555555111111202
20000000000000000000000000000000002222222222222222222202
22222222222222222222222222222222222222222222222222222222